     0/299     2.39G   0.06202   0.02793    0.1732    0.2631       119       320    0.8436   0.01687   0.01525  0.007415   0.04484   0.01349   0.02459
     1/299     3.03G   0.04763   0.01362   0.04142    0.1027        93       320    0.4243   0.07054   0.04077   0.01817   0.03054   0.01434   0.01627
     2/299     3.04G    0.0441   0.01365   0.03495   0.09271        97       320    0.2669    0.1148   0.07255   0.03443   0.02689   0.01366   0.01664
     3/299     3.04G   0.04115   0.01341   0.03126   0.08583       190       320    0.2287    0.1864    0.1164   0.05898   0.02435   0.01339   0.01647
     4/299     3.04G   0.03923   0.01306   0.02902   0.08131       130       320    0.2896    0.2017    0.1452    0.0752    0.0232   0.01384   0.01695
     5/299     3.04G   0.03838   0.01285   0.02781   0.07904       119       320    0.3118    0.2092    0.1685   0.08916   0.02311   0.01414   0.01751
     6/299     3.04G   0.03781   0.01263   0.02709   0.07753        73       320     0.382     0.216     0.188    0.1008     0.023   0.01439   0.01806
     7/299     3.04G   0.03755   0.01254   0.02649   0.07657        94       320    0.3757    0.2303    0.1995     0.108    0.0228   0.01442   0.01802
     8/299     3.04G   0.03738   0.01251   0.02628   0.07616       115       320    0.3595     0.248    0.2085    0.1133   0.02276   0.01435   0.01798
     9/299     3.04G   0.03719   0.01233   0.02582   0.07534        95       320    0.3997    0.2379    0.2143    0.1173   0.02263   0.01432   0.01785
    10/299     3.04G   0.03712    0.0123   0.02553   0.07496       103       320    0.3998    0.2407    0.2182    0.1198   0.02253   0.01422   0.01764
    11/299     3.05G   0.03712    0.0122   0.02542   0.07475       113       320    0.3827    0.2498    0.2208    0.1218    0.0225   0.01416   0.01752
    12/299     3.05G     0.037   0.01215   0.02535    0.0745       100       320    0.4079    0.2422    0.2237    0.1234   0.02253   0.01414   0.01744
    13/299     3.05G   0.03702   0.01217   0.02521   0.07441        51       320    0.4265     0.238    0.2257    0.1255   0.02255   0.01414   0.01731
    14/299     3.05G   0.03691    0.0121   0.02509   0.07409       125       320     0.418    0.2475    0.2281     0.127   0.02262   0.01415   0.01712
    15/299     3.05G   0.03692    0.0121    0.0249   0.07392        88       320    0.4144    0.2537    0.2306    0.1285   0.02274   0.01419   0.01703
    16/299     3.05G   0.03682   0.01208   0.02487   0.07378       103       320     0.398    0.2592    0.2332      0.13   0.02285   0.01424   0.01685
    17/299     3.05G   0.03683   0.01207    0.0247    0.0736       167       320    0.3977    0.2617    0.2356    0.1318   0.02296   0.01431   0.01677
    18/299     3.05G   0.03674   0.01207   0.02459    0.0734       107       320    0.4365    0.2546    0.2382    0.1332   0.02308   0.01437   0.01669
    19/299     3.05G   0.03669   0.01202   0.02457   0.07328       116       320    0.4065    0.2636    0.2404    0.1348   0.02316   0.01442   0.01659
    20/299     3.05G   0.03658   0.01202   0.02449   0.07308       102       320    0.4198    0.2606    0.2432    0.1367   0.02318   0.01445    0.0164
    21/299     3.05G   0.03659   0.01202   0.02439     0.073       147       320    0.3583    0.2843    0.2454    0.1382    0.0232   0.01446   0.01623
    22/299     3.05G   0.03658   0.01205   0.02439   0.07303       102       320    0.3654    0.2814    0.2466    0.1393   0.02317   0.01449   0.01611
    23/299     3.05G    0.0365   0.01199   0.02432   0.07281       147       320    0.3954    0.2752    0.2493    0.1409   0.02316   0.01454   0.01592
    24/299     3.05G   0.03648   0.01198   0.02434   0.07281       123       320      0.42    0.2722    0.2517    0.1426   0.02313   0.01457   0.01584
    25/299     3.05G   0.03645   0.01203   0.02428   0.07276       111       320    0.4266    0.2739     0.254    0.1444   0.02312   0.01459   0.01571
    26/299     3.05G    0.0364   0.01196   0.02424   0.07259        55       320    0.4191     0.277    0.2562     0.146   0.02312   0.01459   0.01563
    27/299     3.05G   0.03637   0.01196   0.02412   0.07245        78       320    0.4149    0.2841     0.259    0.1478    0.0231   0.01461   0.01556
    28/299     3.05G   0.03643   0.01196   0.02414   0.07252       110       320    0.4002    0.2951    0.2616    0.1495   0.02304   0.01461   0.01545
    29/299     3.05G   0.03633    0.0119     0.024   0.07223        82       320    0.4496    0.2766    0.2639    0.1507   0.02303   0.01462   0.01534
    30/299     3.05G   0.03629    0.0119   0.02394   0.07213        87       320    0.4468    0.2792    0.2659    0.1526   0.02296   0.01462   0.01525
    31/299     3.05G   0.03633    0.0119   0.02407    0.0723        84       320    0.4678    0.2729    0.2683    0.1545   0.02291   0.01461   0.01515
    32/299     3.05G   0.03621   0.01189   0.02399   0.07209       131       320    0.4506    0.2815    0.2703    0.1559   0.02287   0.01464   0.01505
    33/299     3.05G    0.0363    0.0119   0.02407   0.07226        72       320    0.4478    0.2862    0.2726    0.1567   0.02283   0.01467   0.01503
    34/299     3.05G   0.03628   0.01188   0.02402   0.07218       125       320    0.4507    0.2861    0.2746    0.1578   0.02281   0.01467   0.01505
    35/299     3.05G   0.03628   0.01187   0.02405   0.07219        76       320    0.4665    0.2806    0.2763    0.1591   0.02281   0.01469   0.01503
    36/299     3.05G   0.03622   0.01186   0.02397   0.07206        88       320    0.4486    0.2919     0.279    0.1602    0.0228   0.01472   0.01508
    37/299     3.05G   0.03621   0.01189   0.02389   0.07199        92       320    0.4678    0.2868    0.2804    0.1613   0.02278   0.01477   0.01511
    38/299     3.05G   0.03625   0.01188    0.0241   0.07223        94       320      0.48    0.2854    0.2819    0.1623   0.02277   0.01482   0.01517
    39/299     3.05G   0.03625   0.01192    0.0239   0.07207       120       320    0.4787    0.2859    0.2829    0.1632   0.02275   0.01485   0.01518
    40/299     3.05G   0.03619   0.01182   0.02386   0.07187       105       320    0.4828    0.2877    0.2848    0.1642   0.02272   0.01491   0.01519
    41/299     3.05G   0.03619    0.0119   0.02393   0.07202       158       320    0.4992    0.2837    0.2866    0.1654   0.02271   0.01497   0.01527
    42/299     3.05G   0.03618   0.01187   0.02397   0.07202       104       320    0.5032    0.2844    0.2876    0.1663   0.02268   0.01499   0.01527
    43/299     3.05G   0.03618   0.01186   0.02379   0.07182       113       320       0.5    0.2873    0.2888    0.1672   0.02269   0.01501   0.01529
    44/299     3.05G   0.03609   0.01184   0.02391   0.07184       201       320    0.5035    0.2862    0.2894    0.1681   0.02272   0.01503   0.01526
    45/299     3.05G   0.03608   0.01181   0.02391   0.07181       119       320    0.4787     0.296    0.2904     0.169    0.0227   0.01507   0.01525
    46/299     3.05G   0.03609   0.01185   0.02381   0.07175       127       320    0.4958    0.2888    0.2911    0.1695   0.02261   0.01512   0.01523
    47/299     3.05G   0.03602   0.01176   0.02384   0.07161       117       320    0.4856    0.2956    0.2926    0.1701   0.02257   0.01515   0.01519
    48/299     3.05G   0.03611   0.01182   0.02383   0.07176        89       320    0.4823    0.2979    0.2939    0.1708   0.02251   0.01517   0.01511
    49/299     3.05G   0.03611   0.01187   0.02372    0.0717       106       320    0.5032    0.2905    0.2949    0.1715   0.02249   0.01521   0.01508
    50/299     3.05G   0.03603   0.01183   0.02375   0.07161        97       320    0.5139    0.2885    0.2958    0.1723   0.02246   0.01521   0.01506
    51/299     3.05G   0.03607   0.01179   0.02382   0.07168        56       320    0.5079    0.2907    0.2972    0.1729   0.02244   0.01523   0.01503
    52/299     3.05G     0.036   0.01185   0.02378   0.07163       137       320    0.5068     0.293    0.2984    0.1732   0.02242   0.01526   0.01493
    53/299     3.05G   0.03601   0.01178    0.0236   0.07139       114       320    0.5024    0.2957    0.2992    0.1737    0.0224   0.01529   0.01478
    54/299     3.05G   0.03605   0.01176   0.02354   0.07135       110       320    0.4874    0.3019    0.3003    0.1745   0.02245    0.0153   0.01467
    55/299     3.05G   0.03602   0.01177    0.0237   0.07149       112       320    0.5196    0.2913    0.3009    0.1754   0.02239   0.01533   0.01457
    56/299     3.05G   0.03599   0.01175    0.0236   0.07135        97       320    0.5175    0.2941     0.302    0.1759   0.02234   0.01533   0.01444
    57/299     3.05G   0.03606   0.01179   0.02374   0.07159        70       320    0.5221    0.2941    0.3032    0.1766   0.02232   0.01536   0.01433
    58/299     3.05G   0.03597   0.01172   0.02348   0.07117        94       320    0.5047    0.3003     0.304    0.1777    0.0223   0.01538   0.01419
    59/299     3.05G   0.03589   0.01175   0.02348   0.07112        68       320    0.4724    0.3097    0.3056    0.1781   0.02226   0.01538   0.01406
    60/299     3.05G   0.03581   0.01176   0.02353    0.0711        99       320    0.5215    0.2941    0.3061    0.1786   0.02222   0.01541   0.01393
    61/299     3.05G   0.03592   0.01178   0.02362   0.07132        88       320    0.4706    0.3097    0.3068     0.179   0.02217   0.01542   0.01384
    62/299     3.05G   0.03587   0.01179   0.02349   0.07115        69       320    0.5391    0.2928    0.3068    0.1795    0.0221   0.01543   0.01367
    63/299     3.05G   0.03583   0.01174   0.02342   0.07099        70       320    0.4737    0.3081    0.3074    0.1796   0.02206   0.01545   0.01353
    64/299     3.05G   0.03587   0.01173   0.02344   0.07104        97       320    0.4762    0.3074    0.3082      0.18   0.02201   0.01546   0.01336
    65/299     3.05G   0.03581   0.01177   0.02346   0.07103       118       320    0.5242    0.2994     0.309    0.1807   0.02198   0.01545   0.01317
    66/299     3.05G   0.03582   0.01174   0.02336   0.07092        64       320    0.5202     0.301    0.3092    0.1813   0.02194   0.01545   0.01306
    67/299     3.05G   0.03578   0.01168   0.02338   0.07083        84       320    0.5226    0.3007    0.3106    0.1819   0.02187   0.01546   0.01289
    68/299     3.05G    0.0357   0.01169   0.02343   0.07082        96       320    0.4735    0.3154    0.3102     0.182   0.02184   0.01546   0.01271
    69/299     3.05G   0.03576   0.01174   0.02325   0.07074       101       320     0.512    0.2997    0.3108    0.1828   0.02181   0.01547   0.01255
    70/299     3.05G   0.03573    0.0117   0.02335   0.07077        83       320    0.5083    0.3031    0.3117    0.1834    0.0218   0.01547    0.0124
    71/299     3.05G   0.03572   0.01168   0.02328   0.07068       144       320    0.5025    0.3049    0.3131    0.1839   0.02179   0.01549    0.0123
    72/299     3.05G   0.03569   0.01174   0.02338   0.07081       138       320    0.4698    0.3162    0.3134     0.184   0.02179   0.01548    0.0122
    73/299     3.05G   0.03573   0.01171   0.02332   0.07076       100       320    0.4648    0.3201    0.3149    0.1847   0.02176   0.01547   0.01211
    74/299     3.05G   0.03565   0.01169   0.02336    0.0707        98       320    0.5324    0.3002    0.3153    0.1854   0.02174   0.01545     0.012
    75/299     3.05G   0.03577   0.01171   0.02342    0.0709       103       320    0.5211    0.3058    0.3159    0.1854   0.02167   0.01545    0.0119
    76/299     3.05G    0.0356   0.01174   0.02323   0.07057        84       320    0.5265    0.3038    0.3162    0.1861   0.02166   0.01544   0.01175
    77/299     3.05G   0.03567   0.01168    0.0231   0.07045       113       320    0.4874    0.3145     0.316    0.1863   0.02163   0.01543   0.01161
    78/299     3.05G   0.03561   0.01168   0.02324   0.07053        72       320    0.5199    0.3064    0.3165    0.1867   0.02161   0.01542   0.01147
    79/299     3.05G   0.03563   0.01169    0.0231   0.07042       121       320    0.5114    0.3097    0.3163    0.1874    0.0216   0.01541   0.01145
    80/299     3.05G   0.03553   0.01168   0.02312   0.07033       106       320    0.5271    0.3066    0.3167    0.1874   0.02159   0.01539   0.01133
    81/299     3.05G   0.03557   0.01167   0.02298   0.07022       107       320    0.5026    0.3149    0.3179    0.1878   0.02154    0.0154   0.01124
    82/299     3.05G   0.03553   0.01167   0.02309   0.07029       115       320    0.5254    0.3084    0.3189    0.1883   0.02154   0.01541   0.01119
    83/299     3.05G   0.03554   0.01169   0.02314   0.07036        92       320    0.5034    0.3138    0.3192    0.1886   0.02154   0.01541   0.01109
    84/299     3.05G   0.03551   0.01165   0.02306   0.07022       117       320     0.497    0.3098     0.319    0.1888   0.02158   0.01541   0.01107
    85/299     3.05G   0.03551   0.01169   0.02313   0.07033       138       320    0.4921    0.3127    0.3198    0.1889   0.02156   0.01538   0.01103
    86/299     3.05G   0.03547   0.01161   0.02305   0.07014       126       320    0.4868    0.3166    0.3204    0.1892   0.02154   0.01535   0.01096
    87/299     3.05G    0.0355   0.01169   0.02304   0.07023        79       320    0.4839    0.3178    0.3208    0.1892   0.02156   0.01536     0.011
    88/299     3.05G   0.03548   0.01167   0.02303   0.07018       143       320    0.4915    0.3148    0.3207     0.189   0.02157   0.01534   0.01094
    89/299     3.05G   0.03546   0.01166   0.02304   0.07016       158       320    0.4876    0.3169    0.3211    0.1899   0.02154   0.01533   0.01088
    90/299     3.05G   0.03541    0.0117   0.02296   0.07007       151       320    0.4881    0.3172    0.3219    0.1909   0.02157   0.01532   0.01082
    91/299     3.05G   0.03529    0.0116   0.02282   0.06971       105       320    0.4968    0.3207     0.323    0.1913   0.02161    0.0153   0.01073
    92/299     3.05G   0.03538   0.01163   0.02288   0.06989        84       320    0.5038    0.3165    0.3235    0.1915   0.02159   0.01529   0.01072
    93/299     3.05G   0.03536   0.01164   0.02288   0.06989       110       320    0.4679     0.334    0.3242    0.1918   0.02157   0.01528   0.01068
    94/299     3.05G   0.03536    0.0116   0.02284    0.0698       123       320    0.4856    0.3262    0.3242    0.1922   0.02157   0.01528   0.01067
    95/299     3.05G   0.03532   0.01164   0.02279   0.06975        94       320    0.4986     0.321    0.3252    0.1927   0.02157   0.01529   0.01061
    96/299     3.05G   0.03526    0.0116   0.02271   0.06956       112       320    0.5184    0.3146    0.3256    0.1929   0.02155   0.01528   0.01054
    97/299     3.05G   0.03529   0.01161   0.02273   0.06963        94       320    0.5099    0.3196    0.3261    0.1932   0.02155   0.01527   0.01047
    98/299     3.05G    0.0352   0.01157   0.02264   0.06942       146       320    0.5049    0.3228    0.3262    0.1937   0.02157   0.01523   0.01038
    99/299     3.05G   0.03518    0.0115    0.0227   0.06938        97       320    0.5137    0.3192    0.3271    0.1942   0.02158   0.01522   0.01028
   100/299     3.05G   0.03521    0.0116   0.02272   0.06953       108       320    0.5105    0.3228    0.3278    0.1945   0.02163   0.01523   0.01026
   101/299     3.05G   0.03516    0.0116   0.02267   0.06944        68       320    0.4766    0.3322    0.3286    0.1951   0.02166   0.01522   0.01022
   102/299     3.05G    0.0352   0.01162   0.02268    0.0695        97       320     0.495    0.3302     0.329    0.1951   0.02167   0.01521   0.01019
   103/299     3.05G   0.03527   0.01163   0.02259   0.06948        94       320    0.5024    0.3271    0.3297    0.1954   0.02161   0.01521   0.01006
   104/299     3.05G   0.03518   0.01156   0.02252   0.06926       103       320    0.5029    0.3282    0.3312     0.196    0.0216   0.01517   0.01005
   105/299     3.05G   0.03513   0.01155   0.02248   0.06916       121       320    0.4895    0.3339    0.3317    0.1965   0.02156   0.01517  0.009966
   106/299     3.05G   0.03515   0.01154   0.02261    0.0693       103       320    0.4998     0.329    0.3325    0.1973   0.02155   0.01516  0.009949
   107/299     3.05G   0.03504   0.01155   0.02251   0.06909       115       320    0.4871    0.3341    0.3326    0.1976   0.02152   0.01519  0.009835
   108/299     3.05G   0.03506   0.01155   0.02246   0.06906       100       320    0.5048    0.3267    0.3326    0.1973   0.02152    0.0152  0.009749
   109/299     3.05G   0.03506   0.01151   0.02246   0.06903        94       320    0.5236    0.3219    0.3328     0.198   0.02154    0.0152  0.009716
   110/299     3.05G   0.03504   0.01157   0.02238   0.06899        89       320    0.5193    0.3233    0.3335     0.198   0.02154   0.01519  0.009712
   111/299     3.05G   0.03498   0.01155   0.02239   0.06892       155       320    0.5102    0.3283    0.3346    0.1982   0.02149   0.01521  0.009693
   112/299     3.05G   0.03499   0.01155   0.02228   0.06882        98       320    0.5008    0.3307    0.3349    0.1984   0.02147   0.01522  0.009627
   113/299     3.05G   0.03496   0.01156   0.02229   0.06881       100       320       0.5    0.3318    0.3354    0.1988   0.02145    0.0152  0.009596
   114/299     3.05G   0.03492   0.01156   0.02234   0.06882        76       320    0.5042    0.3339    0.3363    0.1993   0.02144    0.0152  0.009597
   115/299     3.05G   0.03491    0.0115   0.02232   0.06873       129       320    0.5033    0.3315    0.3361    0.1993   0.02145   0.01521  0.009616
   116/299     3.05G   0.03484   0.01154   0.02222    0.0686       142       320    0.4952    0.3337    0.3369    0.1997   0.02145   0.01518   0.00967
   117/299     3.05G   0.03488   0.01151   0.02223   0.06863       134       320    0.4826    0.3399    0.3373    0.2001    0.0214   0.01517  0.009675
   118/299     3.05G   0.03492   0.01158   0.02233   0.06883        63       320    0.4791    0.3412    0.3369       0.2   0.02134   0.01516  0.009675
   119/299     3.05G   0.03484   0.01156   0.02224   0.06864       102       320    0.4979     0.333     0.337       0.2   0.02133   0.01519   0.00963
   120/299     3.05G    0.0348   0.01147   0.02211   0.06838       140       320    0.4927    0.3347    0.3368    0.2003   0.02129   0.01519  0.009577
   121/299     3.05G   0.03473   0.01149    0.0221   0.06833        97       320    0.4882    0.3405    0.3373    0.2003   0.02126   0.01516  0.009563
   122/299     3.05G   0.03471   0.01153   0.02223   0.06847       110       320    0.4976    0.3393    0.3377    0.2006   0.02127   0.01517   0.00954
   123/299     3.05G   0.03472   0.01151   0.02218   0.06841        97       320    0.5052    0.3384    0.3387    0.2012   0.02122   0.01516  0.009499
   124/299     3.05G   0.03467   0.01154   0.02199   0.06821       121       320    0.4981    0.3409    0.3389    0.2017    0.0212   0.01515  0.009452
   125/299     3.05G   0.03475   0.01152   0.02208   0.06836       124       320    0.4983    0.3412    0.3391    0.2025   0.02121   0.01514  0.009443
   126/299     3.05G   0.03473   0.01149   0.02196   0.06818       120       320    0.5246    0.3311    0.3405    0.2032   0.02121   0.01515  0.009451
   127/299     3.05G   0.03464   0.01151   0.02188   0.06802        58       320     0.545    0.3234    0.3415    0.2041   0.02122   0.01515  0.009442
   128/299     3.05G   0.03463   0.01151   0.02194   0.06808        90       320    0.5286    0.3318    0.3424    0.2043   0.02118   0.01513  0.009416
   129/299     3.05G   0.03469   0.01148    0.0219   0.06806        96       320    0.5019    0.3354    0.3434    0.2046   0.02119   0.01512  0.009395
   130/299     3.05G   0.03462   0.01147   0.02183   0.06792        91       320    0.4996    0.3363    0.3431    0.2042   0.02119   0.01511  0.009344
   131/299     3.05G   0.03451   0.01148   0.02179   0.06778       136       320    0.4869    0.3415    0.3432    0.2047   0.02123    0.0151  0.009298
   132/299     3.05G   0.03452    0.0115   0.02183   0.06785        75       320    0.5472    0.3251    0.3444    0.2056   0.02126    0.0151  0.009256
   133/299     3.05G    0.0345   0.01146   0.02182   0.06778       129       320    0.5119    0.3346     0.345    0.2062   0.02123    0.0151  0.009312
   134/299     3.05G   0.03437   0.01146   0.02176   0.06758       122       320    0.4878    0.3419    0.3457    0.2065   0.02121   0.01511  0.009316
   135/299     3.05G   0.03448   0.01145   0.02168   0.06761        95       320    0.5219    0.3305    0.3466    0.2067    0.0212    0.0151  0.009286
   136/299     3.05G    0.0345   0.01152   0.02167   0.06769       167       320    0.5016    0.3368    0.3468    0.2068   0.02119    0.0151  0.009267
   137/299     3.05G   0.03446   0.01154   0.02181    0.0678       154       320    0.4707    0.3499    0.3466    0.2071   0.02113   0.01508  0.009264
   138/299     3.05G   0.03441   0.01143   0.02155   0.06738        76       320       0.5    0.3439    0.3472    0.2073    0.0211   0.01508  0.009251
   139/299     3.05G    0.0344   0.01149   0.02168   0.06757       121       320    0.4996    0.3435    0.3476    0.2075   0.02109   0.01507   0.00923
   140/299     3.05G   0.03429   0.01143   0.02163   0.06735       105       320    0.5156    0.3391     0.347    0.2071   0.02107    0.0151  0.009191
   141/299     3.05G   0.03436   0.01146   0.02154   0.06737        82       320    0.5088    0.3417    0.3474    0.2077     0.021   0.01512  0.009246
   142/299     3.05G   0.03439   0.01149    0.0216   0.06748       170       320    0.4972    0.3467    0.3482    0.2077   0.02101   0.01511  0.009249
   143/299     3.05G   0.03434   0.01146   0.02167   0.06747       133       320    0.5229    0.3379     0.349    0.2082   0.02103    0.0151  0.009238
   144/299     3.05G    0.0343   0.01144    0.0214   0.06715        77       320    0.4976    0.3479    0.3505    0.2088   0.02099   0.01508  0.009289
   145/299     3.05G   0.03424   0.01142   0.02145   0.06711        80       320    0.4798    0.3571    0.3507    0.2093   0.02094   0.01509  0.009282
   146/299     3.05G   0.03425   0.01143   0.02145   0.06714        97       320    0.4665    0.3572    0.3512      0.21   0.02093    0.0151  0.009287
   147/299     3.05G   0.03422   0.01141   0.02133   0.06696        76       320    0.4955    0.3518    0.3513    0.2098   0.02089   0.01514  0.009288
   148/299     3.05G   0.03425   0.01144    0.0212   0.06689       138       320    0.5022    0.3502     0.352      0.21   0.02089   0.01517  0.009282
   149/299     3.05G   0.03417   0.01145    0.0214   0.06702       133       320    0.5007    0.3539    0.3527    0.2106    0.0209   0.01517  0.009215
   150/299     3.05G   0.03414   0.01143   0.02133    0.0669       109       320    0.4706    0.3616    0.3547    0.2121   0.02087   0.01516  0.009174
   151/299     3.05G   0.03415   0.01142   0.02118   0.06675       147       320    0.4924    0.3501    0.3552    0.2125   0.02092   0.01516   0.00907
   152/299     3.05G   0.03409   0.01141   0.02116   0.06666        95       320    0.4802    0.3576    0.3561    0.2133   0.02091   0.01516  0.009023
   153/299     3.05G   0.03403   0.01137   0.02114   0.06654       127       320    0.4909    0.3538    0.3569    0.2137   0.02088   0.01515  0.009019
   154/299     3.05G   0.03407   0.01136   0.02112   0.06655        70       320    0.5041    0.3495    0.3575    0.2142   0.02087   0.01516  0.008986
   155/299     3.05G   0.03406   0.01137   0.02113   0.06656        70       320    0.5121    0.3533    0.3587    0.2146    0.0209   0.01517  0.008994
   156/299     3.05G   0.03395   0.01131   0.02102   0.06628       122       320    0.5031    0.3593     0.359     0.215   0.02092   0.01515  0.009035
   157/299     3.05G   0.03402    0.0114   0.02101   0.06643       139       320    0.5218    0.3516    0.3596    0.2156   0.02088   0.01516  0.009056
   158/299     3.05G   0.03402   0.01132   0.02109   0.06643        96       320    0.5033    0.3603    0.3604    0.2161   0.02086   0.01517  0.009099
   159/299     3.05G   0.03395   0.01134   0.02085   0.06614       143       320     0.506    0.3592    0.3611    0.2166   0.02082   0.01519  0.009083
   160/299     3.05G   0.03389   0.01133   0.02086   0.06608        96       320    0.5327    0.3489    0.3621    0.2172   0.02078   0.01521  0.009083
   161/299     3.05G   0.03393   0.01133   0.02095    0.0662       150       320    0.4956    0.3595     0.363     0.218   0.02075   0.01521  0.008966
   162/299     3.05G   0.03388   0.01135   0.02095   0.06618        86       320    0.4853    0.3663    0.3638    0.2184   0.02076    0.0152  0.008854
   163/299     3.05G   0.03385   0.01132   0.02079   0.06595       106       320    0.4883    0.3634     0.364    0.2188   0.02076    0.0152  0.008817
   164/299     3.05G   0.03381   0.01131   0.02081   0.06593       154       320    0.5099    0.3548    0.3642    0.2192   0.02074   0.01521  0.008848
   165/299     3.05G   0.03383   0.01126   0.02077   0.06586       100       320    0.5021    0.3586    0.3646    0.2194   0.02074   0.01523  0.008876
   166/299     3.05G   0.03384    0.0113   0.02073   0.06588       137       320    0.5138    0.3554    0.3651    0.2198   0.02071   0.01525  0.008906
   167/299     3.05G   0.03375   0.01132    0.0207   0.06578       127       320    0.5138    0.3542    0.3658    0.2203    0.0207   0.01524  0.008897
   168/299     3.05G    0.0337   0.01128   0.02067   0.06565       111       320    0.5122    0.3547    0.3652    0.2202   0.02068   0.01524  0.008874
   169/299     3.05G   0.03377   0.01134   0.02065   0.06576       117       320    0.5169    0.3539    0.3661    0.2209   0.02072   0.01524  0.008908
   170/299     3.05G   0.03367   0.01127   0.02059   0.06553        77       320    0.5065    0.3598    0.3667    0.2209   0.02074   0.01522  0.008962
   171/299     3.05G   0.03368   0.01125   0.02057   0.06551       103       320    0.5148    0.3568    0.3661    0.2213   0.02071   0.01523  0.008955
   172/299     3.05G   0.03356   0.01126   0.02052   0.06534        92       320    0.5179    0.3562     0.367    0.2215   0.02071   0.01523  0.008932
   173/299     3.05G   0.03353   0.01117   0.02046   0.06516        94       320    0.5047    0.3631    0.3675    0.2213   0.02072   0.01522  0.008943
   174/299     3.05G   0.03355   0.01119   0.02046    0.0652       104       320    0.5327     0.352    0.3676    0.2217   0.02071   0.01523  0.008955
   175/299     3.05G   0.03347   0.01119   0.02042   0.06508        81       320    0.5336    0.3529    0.3677    0.2219   0.02072   0.01524  0.008953
   176/299     3.05G   0.03346   0.01119   0.02035     0.065       132       320    0.5317    0.3527    0.3681    0.2223   0.02069   0.01526  0.008958
   177/299     3.05G   0.03347   0.01119   0.02029   0.06494       114       320    0.5177    0.3589    0.3687    0.2226   0.02071   0.01526  0.008902
   178/299     3.05G   0.03356   0.01122   0.02031   0.06509       168       320    0.5205    0.3567    0.3694    0.2236   0.02075   0.01528  0.008955
   179/299     3.05G   0.03346   0.01118   0.02034   0.06498       100       320    0.5376    0.3528    0.3699    0.2239   0.02072   0.01531  0.008986
   180/299     3.05G   0.03337   0.01118   0.02018   0.06472        50       320    0.5191    0.3592    0.3704    0.2243   0.02068   0.01532  0.008988
   181/299     3.05G   0.03342    0.0112   0.02014   0.06476        86       320    0.5233     0.359    0.3724    0.2254   0.02063   0.01535  0.008948
   182/299     3.05G   0.03331   0.01117   0.02006   0.06453        84       320    0.5115    0.3639    0.3727    0.2259   0.02059   0.01536  0.008922
   183/299     3.05G   0.03334   0.01118   0.02001   0.06453       136       320     0.512    0.3654    0.3733    0.2264   0.02058    0.0154  0.008894
   184/299     3.05G    0.0333   0.01115   0.02001   0.06447       128       320     0.535    0.3584    0.3743    0.2271   0.02055   0.01544  0.008851
   185/299     3.05G   0.03326   0.01114   0.02004   0.06444        83       320    0.5461    0.3545    0.3747    0.2273   0.02055   0.01545  0.008886
   186/299     3.05G    0.0332   0.01114   0.02002   0.06435        90       320    0.5314      0.36    0.3751    0.2275   0.02052   0.01548  0.008888
   187/299     3.05G   0.03323   0.01116   0.01985   0.06424        89       320    0.5345    0.3607    0.3756    0.2284   0.02051   0.01552  0.008909
   188/299     3.05G   0.03324   0.01116   0.01995   0.06436       120       320    0.5302    0.3619    0.3761    0.2286    0.0205   0.01553  0.008889
   189/299     3.05G   0.03314   0.01114   0.01971   0.06399       101       320    0.5461    0.3562    0.3762    0.2288   0.02053   0.01556  0.008886
   190/299     3.05G   0.03321   0.01112   0.01972   0.06404       136       320    0.5359    0.3596     0.376    0.2292   0.02053   0.01561  0.008875
   191/299     3.05G   0.03309   0.01108    0.0197   0.06388       107       320    0.5532    0.3559    0.3779    0.2298   0.02052   0.01563  0.008879
   192/299     3.05G   0.03313   0.01113   0.01974   0.06401       112       320    0.5614    0.3539    0.3783    0.2303   0.02055   0.01564  0.008909
   193/299     3.05G    0.0331   0.01109    0.0195   0.06369       108       320    0.5482    0.3589     0.379     0.231   0.02057   0.01566  0.008913
   194/299     3.05G   0.03315   0.01116   0.01972   0.06402       114       320    0.5485    0.3599      0.38    0.2311   0.02055    0.0157  0.008913
   195/299     3.05G   0.03303   0.01109   0.01965   0.06377       118       320    0.5581    0.3577    0.3806    0.2313   0.02055    0.0157  0.008933
   196/299     3.05G   0.03296   0.01109   0.01954   0.06359       110       320    0.5504    0.3607    0.3805    0.2312   0.02053   0.01572   0.00895
   197/299     3.05G   0.03292   0.01108   0.01955   0.06355       108       320    0.5528    0.3617    0.3807    0.2317   0.02052   0.01575  0.008938
   198/299     3.05G   0.03304    0.0111   0.01948   0.06362       126       320    0.5444     0.365    0.3813     0.232   0.02051   0.01578  0.008953
   199/299     3.05G   0.03292   0.01102   0.01939   0.06334        93       320    0.5222    0.3774    0.3823    0.2319   0.02053   0.01582  0.008919
   200/299     3.05G   0.03289   0.01104   0.01938   0.06331       127       320    0.5295    0.3745    0.3828    0.2322   0.02056   0.01582  0.008951
   201/299     3.05G   0.03289   0.01106   0.01935   0.06331       105       320    0.5184    0.3798    0.3833    0.2328   0.02058   0.01584  0.009028
   202/299     3.05G   0.03282   0.01104   0.01919   0.06304        96       320     0.523    0.3798    0.3839    0.2334   0.02055   0.01587  0.009071
   203/299     3.05G   0.03277   0.01101   0.01927   0.06305        95       320    0.5619    0.3632    0.3848    0.2335    0.0205   0.01591  0.009007
   204/299     3.05G   0.03278   0.01104    0.0193   0.06313       202       320    0.5756    0.3598    0.3853    0.2338   0.02049   0.01593  0.009066
   205/299     3.05G   0.03276   0.01104   0.01921   0.06301        72       320    0.5631    0.3645    0.3858    0.2345   0.02052   0.01595  0.009077
   206/299     3.05G   0.03267   0.01097   0.01911   0.06275       131       320    0.5326    0.3756    0.3858    0.2352   0.02052   0.01597  0.009069
   207/299     3.05G   0.03269   0.01098   0.01895   0.06262        93       320    0.5441    0.3714    0.3865    0.2359   0.02053   0.01601  0.009144
   208/299     3.05G   0.03266   0.01101   0.01907   0.06273       107       320    0.5402    0.3741    0.3869    0.2358   0.02052   0.01605  0.009164
   209/299     3.05G   0.03259   0.01098   0.01908   0.06265       108       320    0.5412    0.3746    0.3873    0.2359   0.02046    0.0161  0.009103
   210/299     3.05G   0.03254   0.01095    0.0188   0.06229       104       320    0.5158    0.3882    0.3876    0.2363   0.02043   0.01613  0.009092
   211/299     3.05G   0.03257   0.01104   0.01889    0.0625       117       320    0.5188    0.3868    0.3888     0.237   0.02038   0.01616  0.009105
   212/299     3.05G   0.03252   0.01095   0.01875   0.06222       155       320    0.5473    0.3733    0.3899    0.2378   0.02037   0.01621  0.009175
   213/299     3.05G   0.03252   0.01094    0.0188   0.06227        96       320     0.521    0.3854     0.391    0.2385   0.02035   0.01623  0.009224
   214/299     3.05G   0.03245    0.0109    0.0187   0.06205       140       320    0.5317    0.3814    0.3915    0.2386    0.0203   0.01624  0.009206
   215/299     3.05G   0.03252   0.01095   0.01879   0.06226       134       320    0.5401    0.3769     0.392    0.2394    0.0203   0.01628  0.009277
   216/299     3.05G   0.03253   0.01095   0.01861   0.06209       126       320    0.5279    0.3847    0.3921    0.2392   0.02029   0.01632  0.009347
   217/299     3.05G   0.03238   0.01091   0.01851    0.0618        75       320    0.5452    0.3773    0.3925    0.2398   0.02027   0.01634  0.009393
   218/299     3.05G   0.03245   0.01094   0.01858   0.06197        68       320     0.546     0.377    0.3931    0.2401   0.02022   0.01637  0.009419
   219/299     3.05G   0.03238    0.0109   0.01854   0.06181        96       320    0.5394     0.381    0.3944    0.2403    0.0202   0.01637  0.009456
   220/299     3.05G   0.03238   0.01097   0.01834   0.06169        97       320    0.5395    0.3816     0.395     0.241   0.02021   0.01641  0.009476
   221/299     3.05G   0.03229   0.01088    0.0184   0.06156       128       320    0.5865    0.3643    0.3956    0.2415   0.02022   0.01645  0.009473
   222/299     3.05G   0.03234    0.0109   0.01835   0.06159        99       320    0.5651    0.3712    0.3965     0.242   0.02024   0.01649  0.009457
   223/299     3.05G   0.03227    0.0109   0.01824   0.06141       102       320    0.5474    0.3812    0.3975    0.2426   0.02024   0.01653  0.009433
   224/299     3.05G   0.03214   0.01082   0.01817   0.06112       101       320    0.5787    0.3676     0.398    0.2434   0.02023   0.01657  0.009419
   225/299     3.05G    0.0322   0.01081   0.01808   0.06109        87       320    0.5664    0.3735    0.3993     0.244   0.02019   0.01661  0.009442
   226/299     3.05G   0.03212   0.01089   0.01799   0.06099        88       320    0.5728    0.3697    0.3996    0.2441   0.02021   0.01665  0.009469
   227/299     3.05G   0.03203   0.01079   0.01809   0.06091       103       320    0.5505    0.3797    0.3999    0.2451    0.0202   0.01668  0.009503
   228/299     3.05G   0.03211   0.01089   0.01807   0.06107       114       320    0.5594     0.377    0.4007    0.2457    0.0202    0.0167   0.00951
   229/299     3.05G    0.0321   0.01085   0.01796   0.06091        93       320    0.5239    0.3921    0.4009    0.2453   0.02019   0.01675  0.009562
   230/299     3.05G     0.032   0.01074   0.01795   0.06069       100       320    0.5501     0.381     0.401    0.2456   0.02018   0.01677  0.009629
   231/299     3.05G   0.03207   0.01084   0.01783   0.06074        73       320    0.5672    0.3722    0.4012    0.2457   0.02016    0.0168  0.009674
   232/299     3.05G   0.03201   0.01084   0.01789   0.06074       125       320    0.5369    0.3856     0.402    0.2459   0.02017   0.01684  0.009762
   233/299     3.05G   0.03192   0.01084   0.01773   0.06049       147       320    0.5388    0.3861     0.402    0.2457   0.02015   0.01686  0.009832
   234/299     3.05G   0.03187   0.01075   0.01762   0.06023       165       320    0.5442    0.3838    0.4028    0.2461   0.02016   0.01686  0.009893
   235/299     3.05G    0.0318   0.01073   0.01758    0.0601        88       320    0.5483    0.3834    0.4025    0.2458   0.02017    0.0169   0.00992
   236/299     3.05G   0.03179    0.0107   0.01756   0.06005       104       320     0.549    0.3841     0.404     0.247   0.02019   0.01693    0.0099
   237/299     3.05G   0.03166   0.01068   0.01755   0.05989       124       320    0.5713    0.3758    0.4039    0.2473    0.0202   0.01696   0.00987
   238/299     3.05G   0.03169   0.01074   0.01745   0.05988       120       320    0.5608    0.3808    0.4044     0.248   0.02017   0.01699  0.009826
   239/299     3.05G   0.03173   0.01073   0.01753      0.06        98       320    0.5732    0.3776    0.4048    0.2479   0.02017   0.01703  0.009843
   240/299     3.05G   0.03169   0.01073   0.01734   0.05976        75       320    0.5648    0.3812    0.4048    0.2482   0.02016   0.01704   0.00985
   241/299     3.05G   0.03163    0.0107    0.0173   0.05963        89       320     0.565    0.3824    0.4055    0.2485   0.02012   0.01705  0.009843
   242/299     3.05G   0.03159   0.01065    0.0172   0.05943       102       320     0.583    0.3762    0.4076    0.2497   0.02008   0.01708  0.009851
   243/299     3.05G    0.0316   0.01067   0.01729   0.05956        95       320    0.5879    0.3749    0.4077    0.2501   0.02008   0.01709  0.009913
   244/299     3.05G   0.03155   0.01067   0.01709   0.05932        93       320    0.5873    0.3754    0.4079    0.2507   0.02006   0.01711  0.009915
   245/299     3.05G   0.03152   0.01065   0.01713   0.05929        84       320    0.5604     0.386     0.409    0.2511   0.02006   0.01712  0.009915
   246/299     3.05G    0.0315   0.01064   0.01699   0.05912       129       320    0.5606    0.3889    0.4098    0.2516   0.02004   0.01715  0.009906
   247/299     3.05G   0.03145   0.01064   0.01693   0.05902        73       320    0.5536    0.3929    0.4102    0.2521      0.02   0.01719   0.00993
   248/299     3.05G   0.03144   0.01056   0.01686   0.05886        87       320    0.5611     0.389    0.4105    0.2527   0.02001   0.01723   0.00999
   249/299     3.05G   0.03137   0.01062   0.01676   0.05875       113       320    0.5312    0.4051    0.4113    0.2534   0.01999   0.01727  0.009983
   250/299     3.05G   0.03139   0.01059    0.0168   0.05878        94       320    0.5409    0.4008    0.4119    0.2533   0.01996   0.01732  0.009934
   251/299     3.05G    0.0313   0.01056   0.01667   0.05853        98       320    0.5522    0.3964     0.413    0.2536   0.01995   0.01735  0.009934
   252/299     3.05G    0.0313   0.01058   0.01652    0.0584        94       320    0.5545    0.3964    0.4132    0.2543   0.01995   0.01737  0.009918
   253/299     3.05G    0.0312   0.01058   0.01662    0.0584       141       320    0.5511    0.3977     0.414    0.2548   0.01997   0.01739  0.009945
   254/299     3.05G   0.03121   0.01053   0.01655   0.05829        72       320     0.541    0.4025    0.4147    0.2553   0.01998   0.01741   0.00994
   255/299     3.05G   0.03113   0.01051   0.01635     0.058       125       320    0.5605    0.3944    0.4156    0.2559      0.02   0.01743  0.009937
   256/299     3.05G   0.03116    0.0105   0.01632   0.05797       146       320     0.559    0.3944    0.4157     0.256   0.01998   0.01743  0.009933
   257/299     3.05G   0.03112   0.01049   0.01644   0.05804       114       320    0.5407    0.4047    0.4163    0.2562   0.01999   0.01743  0.009917
   258/299     3.05G   0.03104   0.01046   0.01622   0.05773       107       320    0.5416    0.4034    0.4164    0.2565   0.01996   0.01743  0.009894
   259/299     3.05G   0.03105   0.01051   0.01618   0.05774        94       320    0.5036     0.423    0.4166    0.2567   0.01992   0.01746  0.009936
   260/299     3.05G   0.03114   0.01054   0.01625   0.05793        83       320    0.5095    0.4215    0.4172    0.2566   0.01989   0.01747   0.00994
   261/299     3.05G   0.03104    0.0105   0.01611   0.05765       104       320    0.5126      0.42    0.4181     0.257   0.01988   0.01748  0.009896
   262/299     3.05G   0.03095   0.01047   0.01604   0.05746       103       320    0.5134    0.4175    0.4186     0.257   0.01987    0.0175  0.009902
   263/299     3.05G   0.03087   0.01051   0.01599   0.05736       147       320    0.5425    0.4045    0.4189    0.2575   0.01986   0.01753   0.00994
   264/299     3.05G   0.03089   0.01044   0.01589   0.05723        77       320     0.551    0.4013    0.4192     0.258   0.01985   0.01758  0.009954
   265/299     3.05G   0.03086   0.01049   0.01587   0.05722        94       320    0.5748    0.3906    0.4193    0.2582   0.01983   0.01761   0.01005
   266/299     3.05G   0.03067   0.01034   0.01564   0.05665       109       320    0.5775    0.3909      0.42    0.2589   0.01982   0.01764   0.01011
   267/299     3.05G   0.03074   0.01038   0.01565   0.05677        66       320    0.5965    0.3841    0.4204    0.2591    0.0198   0.01763   0.01019
   268/299     3.05G   0.03075   0.01043   0.01562   0.05681        93       320    0.5517    0.4046    0.4206    0.2597   0.01977   0.01764    0.0102
   269/299     3.05G   0.03075   0.01039   0.01558   0.05672       133       320    0.5624    0.4004    0.4209    0.2596   0.01979   0.01766   0.01021
   270/299     3.05G   0.03068   0.01037   0.01551   0.05657       109       320    0.5742    0.3946    0.4208    0.2601   0.01975    0.0177   0.01025
   271/299     3.05G   0.03059   0.01035   0.01544   0.05638       126       320     0.571    0.3966    0.4218    0.2607   0.01974   0.01774   0.01028
   272/299     3.05G   0.03054   0.01031   0.01535   0.05621       116       320    0.5618    0.4008    0.4224    0.2611   0.01973   0.01778   0.01028
   273/299     3.05G    0.0305   0.01031   0.01522   0.05603       100       320    0.5426    0.4107    0.4226    0.2614   0.01972    0.0178   0.01027
   274/299     3.05G   0.03056   0.01035   0.01533   0.05624        80       320    0.5466    0.4087    0.4231    0.2619   0.01974   0.01781    0.0103
   275/299     3.05G   0.03056    0.0103   0.01532   0.05618       115       320    0.5511    0.4074    0.4231    0.2619   0.01974   0.01781   0.01037
   276/299     3.05G   0.03043   0.01028   0.01522   0.05593        94       320    0.5626    0.4028    0.4235    0.2621   0.01974   0.01784    0.0104
   277/299     3.05G   0.03043    0.0103   0.01506   0.05579        98       320    0.5787    0.3965    0.4238    0.2622   0.01972   0.01784   0.01041
   278/299     3.05G    0.0304   0.01028   0.01505   0.05573       103       320     0.523    0.4236    0.4241    0.2623    0.0197   0.01789   0.01042
   279/299     3.05G   0.03038   0.01027   0.01493   0.05557        71       320    0.5348    0.4177    0.4241    0.2623    0.0197    0.0179   0.01043
   280/299     3.05G   0.03036   0.01031   0.01496   0.05563        81       320    0.5353    0.4189    0.4244     0.263    0.0197    0.0179   0.01046
   281/299     3.05G   0.03033   0.01025   0.01486   0.05544       101       320    0.5648     0.403     0.425     0.263   0.01968   0.01793   0.01049
   282/299     3.05G   0.03026   0.01023   0.01483   0.05532       145       320    0.5685    0.4035    0.4255    0.2634   0.01966   0.01796   0.01054
   283/299     3.05G   0.03022   0.01022   0.01482   0.05527       114       320    0.5797     0.398    0.4256    0.2636   0.01964   0.01798   0.01056
   284/299     3.05G   0.03019    0.0102    0.0148   0.05519       133       320    0.5761    0.4003    0.4265     0.264   0.01962   0.01798   0.01059
   285/299     3.05G   0.03012   0.01015   0.01469   0.05496        77       320    0.5781    0.4009    0.4276    0.2643   0.01961     0.018   0.01059
   286/299     3.05G   0.03013    0.0102   0.01468   0.05502       109       320     0.536    0.4218    0.4282    0.2648   0.01959   0.01804   0.01058
   287/299     3.05G   0.03012   0.01021   0.01461   0.05494        90       320    0.5318    0.4247    0.4285    0.2652    0.0196   0.01805   0.01058
   288/299     3.05G   0.03009   0.01017   0.01456   0.05482        82       320    0.5324    0.4252    0.4285    0.2654    0.0196   0.01806   0.01056
   289/299     3.05G    0.0301   0.01017    0.0145   0.05477       120       320    0.5254    0.4275    0.4288    0.2654   0.01959    0.0181   0.01054
   290/299     3.05G   0.03009   0.01022   0.01444   0.05475       145       320    0.5749    0.4033    0.4285    0.2653   0.01957   0.01811   0.01056
   291/299     3.05G   0.03008   0.01019   0.01439   0.05465       140       320    0.5754    0.4026    0.4285    0.2656   0.01956   0.01813   0.01059
   292/299     3.05G   0.02998   0.01018   0.01439   0.05455        72       320    0.5149    0.4335    0.4285    0.2655   0.01956   0.01814   0.01064
   293/299     3.05G   0.02998   0.01015   0.01436   0.05449        74       320    0.6001    0.3927    0.4288    0.2656   0.01957   0.01816   0.01069
   294/299     3.05G   0.03005   0.01017   0.01445   0.05467       124       320    0.5705    0.4042    0.4287    0.2658   0.01956   0.01817   0.01072
   295/299     3.05G      0.03   0.01013   0.01434   0.05448        69       320    0.5524    0.4131    0.4289    0.2661   0.01954   0.01818   0.01072
   296/299     3.05G   0.03001   0.01015   0.01428   0.05444        90       320    0.5809    0.3993    0.4294     0.266   0.01954   0.01818   0.01075
   297/299     3.05G   0.02996   0.01013   0.01426   0.05435       131       320    0.5572    0.4128      0.43     0.266   0.01954   0.01819   0.01077
   298/299     3.05G      0.03   0.01014   0.01427   0.05441       144       320    0.5591    0.4129      0.43    0.2663   0.01951   0.01822   0.01078
   299/299     3.05G   0.02992   0.01012   0.01417   0.05421       125       320    0.5824    0.4006    0.4295    0.2668    0.0195   0.01823   0.01078
